Alabama|224|535|538|90
Arizona|246|157|492|0
Arkansas|234|439|504|20
Bahamas|200|717|670|-45
California|252|65|438|-60
Colorado|245|256|422|0
Conn.|216|720|365|0
Delaware|211|720|397|0
Florida|222|624|616|-60
Georgia|223|585|535|-60
Idaho|251|155|321|0
Illinios|230|489|407|90
Indiana|229|533|401|90
Iowa|236|428|373|0
Kansas|240|361|437|0
Kentucky|227|545|449|15
Louisiana|233|450|587|90
Maine|221|738|259|0
Maryland|210|705|419|0
Mass.|217|733|321|0
Michigan|231|550|327|0
Minnesota|237|416|285|90
Mississippi|225|496|560|90
Missouri|235|441|434|90
Montana|249|226|266|0
N.H.|219|732|305|0
Nebraska|241|341|375|0
Nevada|250|103|379|0
N.J.|213|711|385|0
New Mexico|244|238|504|45
New York|218|661|324|20
N. Carolina|208|673|470|0
N. Dakota|243|355|268|0
Ohio|228|578|394|0
Oklahoma|239|375|485|0
Oregon|253|75|287|0
Pennsylvania|214|625|369|0
R.I.|215|735|345|0
S. Carolina|207|662|508|0
S. Dakota|242|339|326|0
Tennessee|226|536|480|10
Texas|238|343|570|0
Utah|247|173|407|0
Virginia|209|649|437|10
VT|220|698|283|0
Washington|254|97|225|-10
W.V.|212|613|418|45
Wisconsin|232|475|323|-45
Wyoming|248|238|345|0
Canada|206|320|148|0
Guatemala|204|489|840|90
Honduras|203|558|867|0
Cuba|202|682|719|-20
Jamaica|201|708|803|0
México|205|289|716|0
Belice|199|555|830|0