Añasco|250|80|390|0
Adjuntas|231|250|443|0
Aguada|253|48|350|-45
Aguadilla|254|71|295|90
A.B.|199|533|406|0
Aibonito|214|465|465|0
Arecibo|233|271|339|0
Arroyo|196|560|529|-50
Barceloneta|228|327|300|90
Barranquitas|216|446|433|0
Bayamón|202|503|370|80
Cabo Rojo|246|60|550|90
Caguas|198|558|427|90
Camuy|237|193|326|90
Carolina|195|604|349|90
Cataño|203|515|286|90
Cayey|205|513|479|30
Ceiba|181|747|416|-30
Ciales|224|347|388|45
Cidra|206|509|447|0
Coamo|215|415|485|0
Comerío|207|482|421|0
Corozal|217|431|384|70
Dorado|211|454|310|90
Fajardo|182|736|350|90
Guanica|239|163|529|0
Guayama|204|517|539|-45
Guayanilla|230|224|505|70
Guaynabo|201|531|342|90
Gurabo|192|596|420|45
Hatillo|234|222|337|90
Hormigueros|248|73|460|0
Humacao|184|685|480|-30
Isabela|244|126|320|-50
Jayuya|227|314|427|0
Juana Díaz|220|367|464|10
Juncos|191|622|421|45
Lajas|245|113|510|0
Lares|236|189|404|90
Las Marías|242|129|413|0
Las Piedras|189|642|437|45
Loíza|194|630|349|90
Luquillo|183|706|340|90
Manatí|225|359|317|90
Maricao|241|154|445|0
Maunabo|187|632|527|-45
Mayaguez|249|63|431|0
Moca|251|100|351|90
Morovis|222|390|378|45
Naguabo|185|721|435|-30
Njito.|208|466|386|50
Orocovis|221|370|425|45
Patillas|197|575|509|-45
Peñuelas|229|259|518|90
Ponce|226|300|494|0
Quebradillas|238|165|294|90
Río Grande|186|667|325|90
Río Piedras|200|554|320|90
Rincón|252|23|368|-45
Sab.Gr.|240|150|475|0
Salinas|212|460|529|90
San Germán|247|111|490|0
S.L.|190|589|460|30
S.Sebas.|243|142|374|-45
Sta. Isabel|213|406|556|90
T.A.|209|470|359|0
Toa Baja|210|486|300|90
Trujillo|193|579|370|90
Utuado|232|257|400|0
Vega Alta|218|431|297|90
Vega Baja|223|400|300|90
Vieques|180|771|476|90
Villalba|219|359|525|90
Yabucoa|188|660|505|-30
Yauco|235|195|490|90