La Guajira|254|400|60|45
César|253|351|136|0
Magdalena|252|302|128|90
Atlántico|251|273|85|90
Bolívar|250|310|234|90
Sucre|249|271|197|-50
Córdoba|248|232|226|-30
Antioquia|247|244|314|0
Santander|246|349|314|45
N. de Santander|245|435|238|0
Chocó|244|175|348|-60
Arauca|243|476|316|0
Boyacá|242|374|370|45
Casanare|241|447|380|30
Vichada|240|556|415|0
Guainía|239|583|521|0
Meta|238|376|486|0
Guaviare|237|409|560|0
Vaupés|236|497|616|0
Caquetá|235|310|618|0
Putumayo|234|218|628|-25
Amazonas|233|452|736|0
Nariño|232|117|581|0
Cauca|231|167|529|0
Huila|230|244|531|45
Valle del Cauca|229|150|474|0
Tolima|228|257|460|30
Cundinamarca|227|320|386|-45
Risaralda|226|222|405|0
Caldas|225|255|384|0
Quindio|224|234|427|0
Bogotá|223|312|439|80
Venezuela|222|621|202|0
Brasil|221|671|761|0
Ecuador|220|95|720|0
Perú|219|281|831|0
Panamá|218|83|189|-30